{"asset":{"generator":"3D Builder","version":"2.0"},"scene":0,"scenes":[{"nodes":[0]}],"nodes":[{"children":[1,2,3,4,5,6,7,8,9,10,11,12,13,14,15,16,17,18,19,20,21,22,23,24,25,26,27,28,29,30,31,32,33,34,35,36,37,38,39,40,41,42,43,44,45,46,47,48,49,50,51,52,53,54,55,56,57,58,59,60,61,62,63,64,65,66,67,68,69,70,71,72,73,74,75,76,77,78,79,80,81,82,83,84,85,86,87,88,89,90,91,92,93,94,95,96,97,98,99,100,101,102,103,104,105,106,107,108,109]},{"mesh":0,"matrix":[4.1723026811268937E-7,-0.20187367498874664,-0.97940593957901,0,-2.8908111744385678E-6,0.979406476020813,-0.20187287032604218,0,0.99999290704727173,5.20244338986231E-6,5.1706024351005908E-7,0,-0.011590193957090378,0.027792466804385185,0.081120893359184265,1]},{"mesh":1,"matrix":[4.1723026811268937E-7,-0.20187367498874664,-0.97940593957901,0,-2.8908111744385678E-6,0.979406476020813,-0.20187287032604218,0,0.99999290704727173,5.20244338986231E-6,5.1706024351005908E-7,0,-0.011590193957090378,0.027792466804385185,0.081120893359184265,1]},{"mesh":2,"matrix":[4.1723026811268937E-7,-0.20187367498874664,-0.97940593957901,0,-2.8908111744385678E-6,0.979406476020813,-0.20187287032604218,0,0.99999290704727173,5.20244338986231E-6,5.1706024351005908E-7,0,-0.011590193957090378,0.027792466804385185,0.081120893359184265,1]},{"mesh":3,"matrix":[4.1723026811268937E-7,-0.20187367498874664,-0.97940593957901,0,-2.8908111744385678E-6,0.979406476020813,-0.20187287032604218,0,0.99999290704727173,5.20244338986231E-6,5.1706024351005908E-7,0,-0.011590193957090378,0.027792466804385185,0.081120893359184265,1]},{"mesh":4,"matrix":[4.1723026811268937E-7,-0.20187367498874664,-0.97940593957901,0,-2.8908111744385678E-6,0.979406476020813,-0.20187287032604218,0,0.99999290704727173,5.20244338986231E-6,5.1706024351005908E-7,0,-0.011590193957090378,0.027792466804385185,0.081120893359184265,1]},{"mesh":5,"matrix":[4.1723026811268937E-7,-0.20187367498874664,-0.97940593957901,0,-2.8908111744385678E-6,0.979406476020813,-0.20187287032604218,0,0.99999290704727173,5.20244338986231E-6,5.1706024351005908E-7,0,-0.011590193957090378,0.027792466804385185,0.081120893359184265,1]},{"mesh":6,"matrix":[4.1723026811268937E-7,-0.20187367498874664,-0.97940593957901,0,-2.8908111744385678E-6,0.979406476020813,-0.20187287032604218,0,0.99999290704727173,5.20244338986231E-6,5.1706024351005908E-7,0,-0.011590193957090378,0.027792466804385185,0.081120893359184265,1]},{"mesh":7,"matrix":[4.1723026811268937E-7,-0.20187367498874664,-0.97940593957901,0,-2.8908111744385678E-6,0.979406476020813,-0.20187287032604218,0,0.99999290704727173,5.20244338986231E-6,5.1706024351005908E-7,0,-0.011590193957090378,0.027792466804385185,0.081120893359184265,1]},{"mesh":8,"matrix":[4.1723026811268937E-7,-0.20187367498874664,-0.97940593957901,0,-2.8908111744385678E-6,0.979406476020813,-0.20187287032604218,0,0.99999290704727173,5.20244338986231E-6,5.1706024351005908E-7,0,-0.011590193957090378,0.027792466804385185,0.081120893359184265,1]},{"mesh":9,"matrix":[4.1723026811268937E-7,-0.20187367498874664,-0.97940593957901,0,-2.8908111744385678E-6,0.979406476020813,-0.20187287032604218,0,0.99999290704727173,5.20244338986231E-6,5.1706024351005908E-7,0,-0.011590193957090378,0.027792466804385185,0.081120893359184265,1]},{"mesh":10,"matrix":[4.1723026811268937E-7,-0.20187367498874664,-0.97940593957901,0,-2.8908111744385678E-6,0.979406476020813,-0.20187287032604218,0,0.99999290704727173,5.20244338986231E-6,5.1706024351005908E-7,0,-0.011590193957090378,0.027792466804385185,0.081120893359184265,1]},{"mesh":11,"matrix":[4.1723026811268937E-7,-0.20187367498874664,-0.97940593957901,0,-2.8908111744385678E-6,0.979406476020813,-0.20187287032604218,0,0.99999290704727173,5.20244338986231E-6,5.1706024351005908E-7,0,-0.011590193957090378,0.027792466804385185,0.081120893359184265,1]},{"mesh":12,"matrix":[4.1723026811268937E-7,-0.20187367498874664,-0.97940593957901,0,-2.8908111744385678E-6,0.979406476020813,-0.20187287032604218,0,0.99999290704727173,5.20244338986231E-6,5.1706024351005908E-7,0,-0.011590193957090378,0.027792466804385185,0.081120893359184265,1]},{"mesh":13,"matrix":[4.1723026811268937E-7,-0.20187367498874664,-0.97940593957901,0,-2.8908111744385678E-6,0.979406476020813,-0.20187287032604218,0,0.99999290704727173,5.20244338986231E-6,5.1706024351005908E-7,0,-0.011590193957090378,0.027792466804385185,0.081120893359184265,1]},{"mesh":14,"matrix":[4.1723026811268937E-7,-0.20187367498874664,-0.97940593957901,0,-2.8908111744385678E-6,0.979406476020813,-0.20187287032604218,0,0.99999290704727173,5.20244338986231E-6,5.1706024351005908E-7,0,-0.011590193957090378,0.027792466804385185,0.081120893359184265,1]},{"mesh":15,"matrix":[4.1723026811268937E-7,-0.20187367498874664,-0.97940593957901,0,-2.8908111744385678E-6,0.979406476020813,-0.20187287032604218,0,0.99999290704727173,5.20244338986231E-6,5.1706024351005908E-7,0,-0.011590193957090378,0.027792466804385185,0.081120893359184265,1]},{"mesh":16,"matrix":[4.1723026811268937E-7,-0.20187367498874664,-0.97940593957901,0,-2.8908111744385678E-6,0.979406476020813,-0.20187287032604218,0,0.99999290704727173,5.20244338986231E-6,5.1706024351005908E-7,0,-0.011590193957090378,0.027792466804385185,0.081120893359184265,1]},{"mesh":17,"matrix":[4.1723026811268937E-7,-0.20187367498874664,-0.97940593957901,0,-2.8908111744385678E-6,0.979406476020813,-0.20187287032604218,0,0.99999290704727173,5.20244338986231E-6,5.1706024351005908E-7,0,-0.011590193957090378,0.027792466804385185,0.081120893359184265,1]},{"mesh":18,"matrix":[4.1723026811268937E-7,-0.20187367498874664,-0.97940593957901,0,-2.8908111744385678E-6,0.979406476020813,-0.20187287032604218,0,0.99999290704727173,5.20244338986231E-6,5.1706024351005908E-7,0,-0.011590193957090378,0.027792466804385185,0.081120893359184265,1]},{"mesh":19,"matrix":[4.1723026811268937E-7,-0.20187367498874664,-0.97940593957901,0,-2.8908111744385678E-6,0.979406476020813,-0.20187287032604218,0,0.99999290704727173,5.20244338986231E-6,5.1706024351005908E-7,0,-0.011590193957090378,0.027792466804385185,0.081120893359184265,1]},{"mesh":20,"matrix":[4.1723026811268937E-7,-0.20187367498874664,-0.97940593957901,0,-2.8908111744385678E-6,0.979406476020813,-0.20187287032604218,0,0.99999290704727173,5.20244338986231E-6,5.1706024351005908E-7,0,-0.011590193957090378,0.027792466804385185,0.081120893359184265,1]},{"mesh":21,"matrix":[4.1723026811268937E-7,-0.20187367498874664,-0.97940593957901,0,-2.8908111744385678E-6,0.979406476020813,-0.20187287032604218,0,0.99999290704727173,5.20244338986231E-6,5.1706024351005908E-7,0,-0.011590193957090378,0.027792466804385185,0.081120893359184265,1]},{"mesh":22,"matrix":[4.1723026811268937E-7,-0.20187367498874664,-0.97940593957901,0,-2.8908111744385678E-6,0.979406476020813,-0.20187287032604218,0,0.99999290704727173,5.20244338986231E-6,5.1706024351005908E-7,0,-0.011590193957090378,0.027792466804385185,0.081120893359184265,1]},{"mesh":23,"matrix":[4.1723026811268937E-7,-0.20187367498874664,-0.97940593957901,0,-2.8908111744385678E-6,0.979406476020813,-0.20187287032604218,0,0.99999290704727173,5.20244338986231E-6,5.1706024351005908E-7,0,-0.011590193957090378,0.027792466804385185,0.081120893359184265,1]},{"mesh":24,"matrix":[4.1723026811268937E-7,-0.20187367498874664,-0.97940593957901,0,-2.8908111744385678E-6,0.979406476020813,-0.20187287032604218,0,0.99999290704727173,5.20244338986231E-6,5.1706024351005908E-7,0,-0.011590193957090378,0.027792466804385185,0.081120893359184265,1]},{"mesh":25,"matrix":[4.1723026811268937E-7,-0.20187367498874664,-0.97940593957901,0,-2.8908111744385678E-6,0.979406476020813,-0.20187287032604218,0,0.99999290704727173,5.20244338986231E-6,5.1706024351005908E-7,0,-0.011590193957090378,0.027792466804385185,0.081120893359184265,1]},{"mesh":26,"matrix":[4.1723026811268937E-7,-0.20187367498874664,-0.97940593957901,0,-2.8908111744385678E-6,0.979406476020813,-0.20187287032604218,0,0.99999290704727173,5.20244338986231E-6,5.1706024351005908E-7,0,-0.011590193957090378,0.027792466804385185,0.081120893359184265,1]},{"mesh":27,"matrix":[4.1723026811268937E-7,-0.20187367498874664,-0.97940593957901,0,-2.8908111744385678E-6,0.979406476020813,-0.20187287032604218,0,0.99999290704727173,5.20244338986231E-6,5.1706024351005908E-7,0,-0.011590193957090378,0.027792466804385185,0.081120893359184265,1]},{"mesh":28,"matrix":[4.1723026811268937E-7,-0.20187367498874664,-0.97940593957901,0,-2.8908111744385678E-6,0.979406476020813,-0.20187287032604218,0,0.99999290704727173,5.20244338986231E-6,5.1706024351005908E-7,0,-0.011590193957090378,0.027792466804385185,0.081120893359184265,1]},{"mesh":29,"matrix":[4.1723026811268937E-7,-0.20187367498874664,-0.97940593957901,0,-2.8908111744385678E-6,0.979406476020813,-0.20187287032604218,0,0.99999290704727173,5.20244338986231E-6,5.1706024351005908E-7,0,-0.011590193957090378,0.027792466804385185,0.081120893359184265,1]},{"mesh":30,"matrix":[4.1723026811268937E-7,-0.20187367498874664,-0.97940593957901,0,-2.8908111744385678E-6,0.979406476020813,-0.20187287032604218,0,0.99999290704727173,5.20244338986231E-6,5.1706024351005908E-7,0,-0.011590193957090378,0.027792466804385185,0.081120893359184265,1]},{"mesh":31,"matrix":[4.1723026811268937E-7,-0.20187367498874664,-0.97940593957901,0,-2.8908111744385678E-6,0.979406476020813,-0.20187287032604218,0,0.99999290704727173,5.20244338986231E-6,5.1706024351005908E-7,0,-0.011590193957090378,0.027792466804385185,0.081120893359184265,1]},{"mesh":32,"matrix":[4.1723026811268937E-7,-0.20187367498874664,-0.97940593957901,0,-2.8908111744385678E-6,0.979406476020813,-0.20187287032604218,0,0.99999290704727173,5.20244338986231E-6,5.1706024351005908E-7,0,-0.011590193957090378,0.027792466804385185,0.081120893359184265,1]},{"mesh":33,"matrix":[4.1723026811268937E-7,-0.20187367498874664,-0.97940593957901,0,-2.8908111744385678E-6,0.979406476020813,-0.20187287032604218,0,0.99999290704727173,5.20244338986231E-6,5.1706024351005908E-7,0,-0.011590193957090378,0.027792466804385185,0.081120893359184265,1]},{"mesh":34,"matrix":[4.1723026811268937E-7,-0.20187367498874664,-0.97940593957901,0,-2.8908111744385678E-6,0.979406476020813,-0.20187287032604218,0,0.99999290704727173,5.20244338986231E-6,5.1706024351005908E-7,0,-0.011590193957090378,0.027792466804385185,0.081120893359184265,1]},{"mesh":35,"matrix":[4.1723026811268937E-7,-0.20187367498874664,-0.97940593957901,0,-2.8908111744385678E-6,0.979406476020813,-0.20187287032604218,0,0.99999290704727173,5.20244338986231E-6,5.1706024351005908E-7,0,-0.011590193957090378,0.027792466804385185,0.081120893359184265,1]},{"mesh":36,"matrix":[4.1723026811268937E-7,-0.20187367498874664,-0.97940593957901,0,-2.8908111744385678E-6,0.979406476020813,-0.20187287032604218,0,0.99999290704727173,5.20244338986231E-6,5.1706024351005908E-7,0,-0.011590193957090378,0.027792466804385185,0.081120893359184265,1]},{"mesh":37,"matrix":[4.1723026811268937E-7,-0.20187367498874664,-0.97940593957901,0,-2.8908111744385678E-6,0.979406476020813,-0.20187287032604218,0,0.99999290704727173,5.20244338986231E-6,5.1706024351005908E-7,0,-0.011590193957090378,0.027792466804385185,0.081120893359184265,1]},{"mesh":38,"matrix":[4.1723026811268937E-7,-0.20187367498874664,-0.97940593957901,0,-2.8908111744385678E-6,0.979406476020813,-0.20187287032604218,0,0.99999290704727173,5.20244338986231E-6,5.1706024351005908E-7,0,-0.011590193957090378,0.027792466804385185,0.081120893359184265,1]},{"mesh":39,"matrix":[4.1723026811268937E-7,-0.20187367498874664,-0.97940593957901,0,-2.8908111744385678E-6,0.979406476020813,-0.20187287032604218,0,0.99999290704727173,5.20244338986231E-6,5.1706024351005908E-7,0,-0.011590193957090378,0.027792466804385185,0.081120893359184265,1]},{"mesh":40,"matrix":[4.1723026811268937E-7,-0.20187367498874664,-0.97940593957901,0,-2.8908111744385678E-6,0.979406476020813,-0.20187287032604218,0,0.99999290704727173,5.20244338986231E-6,5.1706024351005908E-7,0,-0.011590193957090378,0.027792466804385185,0.081120893359184265,1]},{"mesh":41,"matrix":[4.1723026811268937E-7,-0.20187367498874664,-0.97940593957901,0,-2.8908111744385678E-6,0.979406476020813,-0.20187287032604218,0,0.99999290704727173,5.20244338986231E-6,5.1706024351005908E-7,0,-0.011590193957090378,0.027792466804385185,0.081120893359184265,1]},{"mesh":42,"matrix":[4.1723026811268937E-7,-0.20187367498874664,-0.97940593957901,0,-2.8908111744385678E-6,0.979406476020813,-0.20187287032604218,0,0.99999290704727173,5.20244338986231E-6,5.1706024351005908E-7,0,-0.011590193957090378,0.027792466804385185,0.081120893359184265,1]},{"mesh":43,"matrix":[4.1723026811268937E-7,-0.20187367498874664,-0.97940593957901,0,-2.8908111744385678E-6,0.979406476020813,-0.20187287032604218,0,0.99999290704727173,5.20244338986231E-6,5.1706024351005908E-7,0,-0.011590193957090378,0.027792466804385185,0.081120893359184265,1]},{"mesh":44,"matrix":[4.1723026811268937E-7,-0.20187367498874664,-0.97940593957901,0,-2.8908111744385678E-6,0.979406476020813,-0.20187287032604218,0,0.99999290704727173,5.20244338986231E-6,5.1706024351005908E-7,0,-0.011590193957090378,0.027792466804385185,0.081120893359184265,1]},{"mesh":45,"matrix":[4.1723026811268937E-7,-0.20187367498874664,-0.97940593957901,0,-2.8908111744385678E-6,0.979406476020813,-0.20187287032604218,0,0.99999290704727173,5.20244338986231E-6,5.1706024351005908E-7,0,-0.011590193957090378,0.027792466804385185,0.081120893359184265,1]},{"mesh":46,"matrix":[4.1723026811268937E-7,-0.20187367498874664,-0.97940593957901,0,-2.8908111744385678E-6,0.979406476020813,-0.20187287032604218,0,0.99999290704727173,5.20244338986231E-6,5.1706024351005908E-7,0,-0.011590193957090378,0.027792466804385185,0.081120893359184265,1]},{"mesh":47,"matrix":[4.1723026811268937E-7,-0.20187367498874664,-0.97940593957901,0,-2.8908111744385678E-6,0.979406476020813,-0.20187287032604218,0,0.99999290704727173,5.20244338986231E-6,5.1706024351005908E-7,0,-0.011590193957090378,0.027792466804385185,0.081120893359184265,1]},{"mesh":48,"matrix":[4.1723026811268937E-7,-0.20187367498874664,-0.97940593957901,0,-2.8908111744385678E-6,0.979406476020813,-0.20187287032604218,0,0.99999290704727173,5.20244338986231E-6,5.1706024351005908E-7,0,-0.011590193957090378,0.027792466804385185,0.081120893359184265,1]},{"mesh":49,"matrix":[4.1723026811268937E-7,-0.20187367498874664,-0.97940593957901,0,-2.8908111744385678E-6,0.979406476020813,-0.20187287032604218,0,0.99999290704727173,5.20244338986231E-6,5.1706024351005908E-7,0,-0.011590193957090378,0.027792466804385185,0.081120893359184265,1]},{"mesh":50,"matrix":[4.1723026811268937E-7,-0.20187367498874664,-0.97940593957901,0,-2.8908111744385678E-6,0.979406476020813,-0.20187287032604218,0,0.99999290704727173,5.20244338986231E-6,5.1706024351005908E-7,0,-0.011590193957090378,0.027792466804385185,0.081120893359184265,1]},{"mesh":51,"matrix":[4.1723026811268937E-7,-0.20187367498874664,-0.97940593957901,0,-2.8908111744385678E-6,0.979406476020813,-0.20187287032604218,0,0.99999290704727173,5.20244338986231E-6,5.1706024351005908E-7,0,-0.011590193957090378,0.027792466804385185,0.081120893359184265,1]},{"mesh":52,"matrix":[4.1723026811268937E-7,-0.20187367498874664,-0.97940593957901,0,-2.8908111744385678E-6,0.979406476020813,-0.20187287032604218,0,0.99999290704727173,5.20244338986231E-6,5.1706024351005908E-7,0,-0.011590193957090378,0.027792466804385185,0.081120893359184265,1]},{"mesh":53,"matrix":[4.1723026811268937E-7,-0.20187367498874664,-0.97940593957901,0,-2.8908111744385678E-6,0.979406476020813,-0.20187287032604218,0,0.99999290704727173,5.20244338986231E-6,5.1706024351005908E-7,0,-0.011590193957090378,0.027792466804385185,0.081120893359184265,1]},{"mesh":54,"matrix":[4.1723026811268937E-7,-0.20187367498874664,-0.97940593957901,0,-2.8908111744385678E-6,0.979406476020813,-0.20187287032604218,0,0.99999290704727173,5.20244338986231E-6,5.1706024351005908E-7,0,-0.011590193957090378,0.027792466804385185,0.081120893359184265,1]},{"mesh":55,"matrix":[4.1723026811268937E-7,-0.20187367498874664,-0.97940593957901,0,-2.8908111744385678E-6,0.979406476020813,-0.20187287032604218,0,0.99999290704727173,5.20244338986231E-6,5.1706024351005908E-7,0,-0.011590193957090378,0.027792466804385185,0.081120893359184265,1]},{"mesh":56,"matrix":[4.1723026811268937E-7,-0.20187367498874664,-0.97940593957901,0,-2.8908111744385678E-6,0.979406476020813,-0.20187287032604218,0,0.99999290704727173,5.20244338986231E-6,5.1706024351005908E-7,0,-0.011590193957090378,0.027792466804385185,0.081120893359184265,1]},{"mesh":57,"matrix":[4.1723026811268937E-7,-0.20187367498874664,-0.97940593957901,0,-2.8908111744385678E-6,0.979406476020813,-0.20187287032604218,0,0.99999290704727173,5.20244338986231E-6,5.1706024351005908E-7,0,-0.011590193957090378,0.027792466804385185,0.081120893359184265,1]},{"mesh":58,"matrix":[4.1723026811268937E-7,-0.20187367498874664,-0.97940593957901,0,-2.8908111744385678E-6,0.979406476020813,-0.20187287032604218,0,0.99999290704727173,5.20244338986231E-6,5.1706024351005908E-7,0,-0.011590193957090378,0.027792466804385185,0.081120893359184265,1]},{"mesh":59,"matrix":[4.1723026811268937E-7,-0.20187367498874664,-0.97940593957901,0,-2.8908111744385678E-6,0.979406476020813,-0.20187287032604218,0,0.99999290704727173,5.20244338986231E-6,5.1706024351005908E-7,0,-0.011590193957090378,0.027792466804385185,0.081120893359184265,1]},{"mesh":60,"matrix":[4.1723026811268937E-7,-0.20187367498874664,-0.97940593957901,0,-2.8908111744385678E-6,0.979406476020813,-0.20187287032604218,0,0.99999290704727173,5.20244338986231E-6,5.1706024351005908E-7,0,-0.011590193957090378,0.027792466804385185,0.081120893359184265,1]},{"mesh":61,"matrix":[4.1723026811268937E-7,-0.20187367498874664,-0.97940593957901,0,-2.8908111744385678E-6,0.979406476020813,-0.20187287032604218,0,0.99999290704727173,5.20244338986231E-6,5.1706024351005908E-7,0,-0.011590193957090378,0.027792466804385185,0.081120893359184265,1]},{"mesh":62,"matrix":[4.1723026811268937E-7,-0.20187367498874664,-0.97940593957901,0,-2.8908111744385678E-6,0.979406476020813,-0.20187287032604218,0,0.99999290704727173,5.20244338986231E-6,5.1706024351005908E-7,0,-0.011590193957090378,0.027792466804385185,0.081120893359184265,1]},{"mesh":63,"matrix":[4.1723026811268937E-7,-0.20187367498874664,-0.97940593957901,0,-2.8908111744385678E-6,0.979406476020813,-0.20187287032604218,0,0.99999290704727173,5.20244338986231E-6,5.1706024351005908E-7,0,-0.011590193957090378,0.027792466804385185,0.081120893359184265,1]},{"mesh":64,"matrix":[4.1723026811268937E-7,-0.20187367498874664,-0.97940593957901,0,-2.8908111744385678E-6,0.979406476020813,-0.20187287032604218,0,0.99999290704727173,5.20244338986231E-6,5.1706024351005908E-7,0,-0.011590193957090378,0.027792466804385185,0.081120893359184265,1]},{"mesh":65,"matrix":[4.1723026811268937E-7,-0.20187367498874664,-0.97940593957901,0,-2.8908111744385678E-6,0.979406476020813,-0.20187287032604218,0,0.99999290704727173,5.20244338986231E-6,5.1706024351005908E-7,0,-0.011590193957090378,0.027792466804385185,0.081120893359184265,1]},{"mesh":66,"matrix":[4.1723026811268937E-7,-0.20187367498874664,-0.97940593957901,0,-2.8908111744385678E-6,0.979406476020813,-0.20187287032604218,0,0.99999290704727173,5.20244338986231E-6,5.1706024351005908E-7,0,-0.011590193957090378,0.027792466804385185,0.081120893359184265,1]},{"mesh":67,"matrix":[4.1723026811268937E-7,-0.20187367498874664,-0.97940593957901,0,-2.8908111744385678E-6,0.979406476020813,-0.20187287032604218,0,0.99999290704727173,5.20244338986231E-6,5.1706024351005908E-7,0,-0.011590193957090378,0.027792466804385185,0.081120893359184265,1]},{"mesh":68,"matrix":[4.1723026811268937E-7,-0.20187367498874664,-0.97940593957901,0,-2.8908111744385678E-6,0.979406476020813,-0.20187287032604218,0,0.99999290704727173,5.20244338986231E-6,5.1706024351005908E-7,0,-0.011590193957090378,0.027792466804385185,0.081120893359184265,1]},{"mesh":69,"matrix":[4.1723026811268937E-7,-0.20187367498874664,-0.97940593957901,0,-2.8908111744385678E-6,0.979406476020813,-0.20187287032604218,0,0.99999290704727173,5.20244338986231E-6,5.1706024351005908E-7,0,-0.011590193957090378,0.027792466804385185,0.081120893359184265,1]},{"mesh":70,"matrix":[4.1723026811268937E-7,-0.20187367498874664,-0.97940593957901,0,-2.8908111744385678E-6,0.979406476020813,-0.20187287032604218,0,0.99999290704727173,5.20244338986231E-6,5.1706024351005908E-7,0,-0.011590193957090378,0.027792466804385185,0.081120893359184265,1]},{"mesh":71,"matrix":[4.1723026811268937E-7,-0.20187367498874664,-0.97940593957901,0,-2.8908111744385678E-6,0.979406476020813,-0.20187287032604218,0,0.99999290704727173,5.20244338986231E-6,5.1706024351005908E-7,0,-0.011590193957090378,0.027792466804385185,0.081120893359184265,1]},{"mesh":72,"matrix":[4.1723026811268937E-7,-0.20187367498874664,-0.97940593957901,0,-2.8908111744385678E-6,0.979406476020813,-0.20187287032604218,0,0.99999290704727173,5.20244338986231E-6,5.1706024351005908E-7,0,-0.011590193957090378,0.027792466804385185,0.081120893359184265,1]},{"mesh":73,"matrix":[4.1723026811268937E-7,-0.20187367498874664,-0.97940593957901,0,-2.8908111744385678E-6,0.979406476020813,-0.20187287032604218,0,0.99999290704727173,5.20244338986231E-6,5.1706024351005908E-7,0,-0.011590193957090378,0.027792466804385185,0.081120893359184265,1]},{"mesh":74,"matrix":[4.1723026811268937E-7,-0.20187367498874664,-0.97940593957901,0,-2.8908111744385678E-6,0.979406476020813,-0.20187287032604218,0,0.99999290704727173,5.20244338986231E-6,5.1706024351005908E-7,0,-0.011590193957090378,0.027792466804385185,0.081120893359184265,1]},{"mesh":75,"matrix":[4.1723026811268937E-7,-0.20187367498874664,-0.97940593957901,0,-2.8908111744385678E-6,0.979406476020813,-0.20187287032604218,0,0.99999290704727173,5.20244338986231E-6,5.1706024351005908E-7,0,-0.011590193957090378,0.027792466804385185,0.081120893359184265,1]},{"mesh":76,"matrix":[4.1723026811268937E-7,-0.20187367498874664,-0.97940593957901,0,-2.8908111744385678E-6,0.979406476020813,-0.20187287032604218,0,0.99999290704727173,5.20244338986231E-6,5.1706024351005908E-7,0,-0.011590193957090378,0.027792466804385185,0.081120893359184265,1]},{"mesh":77,"matrix":[4.1723026811268937E-7,-0.20187367498874664,-0.97940593957901,0,-2.8908111744385678E-6,0.979406476020813,-0.20187287032604218,0,0.99999290704727173,5.20244338986231E-6,5.1706024351005908E-7,0,-0.011590193957090378,0.027792466804385185,0.081120893359184265,1]},{"mesh":78,"matrix":[4.1723026811268937E-7,-0.20187367498874664,-0.97940593957901,0,-2.8908111744385678E-6,0.979406476020813,-0.20187287032604218,0,0.99999290704727173,5.20244338986231E-6,5.1706024351005908E-7,0,-0.011590193957090378,0.027792466804385185,0.081120893359184265,1]},{"mesh":79,"matrix":[4.1723026811268937E-7,-0.20187367498874664,-0.97940593957901,0,-2.8908111744385678E-6,0.979406476020813,-0.20187287032604218,0,0.99999290704727173,5.20244338986231E-6,5.1706024351005908E-7,0,-0.011590193957090378,0.027792466804385185,0.081120893359184265,1]},{"mesh":80,"matrix":[4.1723026811268937E-7,-0.20187367498874664,-0.97940593957901,0,-2.8908111744385678E-6,0.979406476020813,-0.20187287032604218,0,0.99999290704727173,5.20244338986231E-6,5.1706024351005908E-7,0,-0.011590193957090378,0.027792466804385185,0.081120893359184265,1]},{"mesh":81,"matrix":[4.1723026811268937E-7,-0.20187367498874664,-0.97940593957901,0,-2.8908111744385678E-6,0.979406476020813,-0.20187287032604218,0,0.99999290704727173,5.20244338986231E-6,5.1706024351005908E-7,0,-0.011590193957090378,0.027792466804385185,0.081120893359184265,1]},{"mesh":82,"matrix":[4.1723026811268937E-7,-0.20187367498874664,-0.97940593957901,0,-2.8908111744385678E-6,0.979406476020813,-0.20187287032604218,0,0.99999290704727173,5.20244338986231E-6,5.1706024351005908E-7,0,-0.011590193957090378,0.027792466804385185,0.081120893359184265,1]},{"mesh":83,"matrix":[4.1723026811268937E-7,-0.20187367498874664,-0.97940593957901,0,-2.8908111744385678E-6,0.979406476020813,-0.20187287032604218,0,0.99999290704727173,5.20244338986231E-6,5.1706024351005908E-7,0,-0.011590193957090378,0.027792466804385185,0.081120893359184265,1]},{"mesh":84,"matrix":[4.1723026811268937E-7,-0.20187367498874664,-0.97940593957901,0,-2.8908111744385678E-6,0.979406476020813,-0.20187287032604218,0,0.99999290704727173,5.20244338986231E-6,5.1706024351005908E-7,0,-0.011590193957090378,0.027792466804385185,0.081120893359184265,1]},{"mesh":85,"matrix":[4.1723026811268937E-7,-0.20187367498874664,-0.97940593957901,0,-2.8908111744385678E-6,0.979406476020813,-0.20187287032604218,0,0.99999290704727173,5.20244338986231E-6,5.1706024351005908E-7,0,-0.011590193957090378,0.027792466804385185,0.081120893359184265,1]},{"mesh":86,"matrix":[4.1723026811268937E-7,-0.20187367498874664,-0.97940593957901,0,-2.8908111744385678E-6,0.979406476020813,-0.20187287032604218,0,0.99999290704727173,5.20244338986231E-6,5.1706024351005908E-7,0,-0.011590193957090378,0.027792466804385185,0.081120893359184265,1]},{"mesh":87,"matrix":[4.1723026811268937E-7,-0.20187367498874664,-0.97940593957901,0,-2.8908111744385678E-6,0.979406476020813,-0.20187287032604218,0,0.99999290704727173,5.20244338986231E-6,5.1706024351005908E-7,0,-0.011590193957090378,0.027792466804385185,0.081120893359184265,1]},{"mesh":88,"matrix":[4.1723026811268937E-7,-0.20187367498874664,-0.97940593957901,0,-2.8908111744385678E-6,0.979406476020813,-0.20187287032604218,0,0.99999290704727173,5.20244338986231E-6,5.1706024351005908E-7,0,-0.011590193957090378,0.027792466804385185,0.081120893359184265,1]},{"mesh":89,"matrix":[4.1723026811268937E-7,-0.20187367498874664,-0.97940593957901,0,-2.8908111744385678E-6,0.979406476020813,-0.20187287032604218,0,0.99999290704727173,5.20244338986231E-6,5.1706024351005908E-7,0,-0.011590193957090378,0.027792466804385185,0.081120893359184265,1]},{"mesh":90,"matrix":[4.1723026811268937E-7,-0.20187367498874664,-0.97940593957901,0,-2.8908111744385678E-6,0.979406476020813,-0.20187287032604218,0,0.99999290704727173,5.20244338986231E-6,5.1706024351005908E-7,0,-0.011590193957090378,0.027792466804385185,0.081120893359184265,1]},{"mesh":91,"matrix":[4.1723026811268937E-7,-0.20187367498874664,-0.97940593957901,0,-2.8908111744385678E-6,0.979406476020813,-0.20187287032604218,0,0.99999290704727173,5.20244338986231E-6,5.1706024351005908E-7,0,-0.011590193957090378,0.027792466804385185,0.081120893359184265,1]},{"mesh":92,"matrix":[4.1723026811268937E-7,-0.20187367498874664,-0.97940593957901,0,-2.8908111744385678E-6,0.979406476020813,-0.20187287032604218,0,0.99999290704727173,5.20244338986231E-6,5.1706024351005908E-7,0,-0.011590193957090378,0.027792466804385185,0.081120893359184265,1]},{"mesh":93,"matrix":[4.1723026811268937E-7,-0.20187367498874664,-0.97940593957901,0,-2.8908111744385678E-6,0.979406476020813,-0.20187287032604218,0,0.99999290704727173,5.20244338986231E-6,5.1706024351005908E-7,0,-0.011590193957090378,0.027792466804385185,0.081120893359184265,1]},{"mesh":94,"matrix":[4.1723026811268937E-7,-0.20187367498874664,-0.97940593957901,0,-2.8908111744385678E-6,0.979406476020813,-0.20187287032604218,0,0.99999290704727173,5.20244338986231E-6,5.1706024351005908E-7,0,-0.011590193957090378,0.027792466804385185,0.081120893359184265,1]},{"mesh":95,"matrix":[4.1723026811268937E-7,-0.20187367498874664,-0.97940593957901,0,-2.8908111744385678E-6,0.979406476020813,-0.20187287032604218,0,0.99999290704727173,5.20244338986231E-6,5.1706024351005908E-7,0,-0.011590193957090378,0.027792466804385185,0.081120893359184265,1]},{"mesh":96,"matrix":[4.1723026811268937E-7,-0.20187367498874664,-0.97940593957901,0,-2.8908111744385678E-6,0.979406476020813,-0.20187287032604218,0,0.99999290704727173,5.20244338986231E-6,5.1706024351005908E-7,0,-0.011590193957090378,0.027792466804385185,0.081120893359184265,1]},{"mesh":97,"matrix":[4.1723026811268937E-7,-0.20187367498874664,-0.97940593957901,0,-2.8908111744385678E-6,0.979406476020813,-0.20187287032604218,0,0.99999290704727173,5.20244338986231E-6,5.1706024351005908E-7,0,-0.011590193957090378,0.027792466804385185,0.081120893359184265,1]},{"mesh":98,"matrix":[4.1723026811268937E-7,-0.20187367498874664,-0.97940593957901,0,-2.8908111744385678E-6,0.979406476020813,-0.20187287032604218,0,0.99999290704727173,5.20244338986231E-6,5.1706024351005908E-7,0,-0.011590193957090378,0.027792466804385185,0.081120893359184265,1]},{"mesh":99,"matrix":[4.1723026811268937E-7,-0.20187367498874664,-0.97940593957901,0,-2.8908111744385678E-6,0.979406476020813,-0.20187287032604218,0,0.99999290704727173,5.20244338986231E-6,5.1706024351005908E-7,0,-0.011590193957090378,0.027792466804385185,0.081120893359184265,1]},{"mesh":100,"matrix":[4.1723026811268937E-7,-0.20187367498874664,-0.97940593957901,0,-2.8908111744385678E-6,0.979406476020813,-0.20187287032604218,0,0.99999290704727173,5.20244338986231E-6,5.1706024351005908E-7,0,-0.011590193957090378,0.027792466804385185,0.081120893359184265,1]},{"mesh":101,"matrix":[4.1723026811268937E-7,-0.20187367498874664,-0.97940593957901,0,-2.8908111744385678E-6,0.979406476020813,-0.20187287032604218,0,0.99999290704727173,5.20244338986231E-6,5.1706024351005908E-7,0,-0.011590193957090378,0.027792466804385185,0.081120893359184265,1]},{"mesh":102,"matrix":[4.1723026811268937E-7,-0.20187367498874664,-0.97940593957901,0,-2.8908111744385678E-6,0.979406476020813,-0.20187287032604218,0,0.99999290704727173,5.20244338986231E-6,5.1706024351005908E-7,0,-0.011590193957090378,0.027792466804385185,0.081120893359184265,1]},{"mesh":103,"matrix":[4.1723026811268937E-7,-0.20187367498874664,-0.97940593957901,0,-2.8908111744385678E-6,0.979406476020813,-0.20187287032604218,0,0.99999290704727173,5.20244338986231E-6,5.1706024351005908E-7,0,-0.011590193957090378,0.027792466804385185,0.081120893359184265,1]},{"mesh":104,"matrix":[4.1723026811268937E-7,-0.20187367498874664,-0.97940593957901,0,-2.8908111744385678E-6,0.979406476020813,-0.20187287032604218,0,0.99999290704727173,5.20244338986231E-6,5.1706024351005908E-7,0,-0.011590193957090378,0.027792466804385185,0.081120893359184265,1]},{"mesh":105,"matrix":[4.1723026811268937E-7,-0.20187367498874664,-0.97940593957901,0,-2.8908111744385678E-6,0.979406476020813,-0.20187287032604218,0,0.99999290704727173,5.20244338986231E-6,5.1706024351005908E-7,0,-0.011590193957090378,0.027792466804385185,0.081120893359184265,1]},{"mesh":106,"matrix":[4.1723026811268937E-7,-0.20187367498874664,-0.97940593957901,0,-2.8908111744385678E-6,0.979406476020813,-0.20187287032604218,0,0.99999290704727173,5.20244338986231E-6,5.1706024351005908E-7,0,-0.011590193957090378,0.027792466804385185,0.081120893359184265,1]},{"mesh":107,"matrix":[4.1723026811268937E-7,-0.20187367498874664,-0.97940593957901,0,-2.8908111744385678E-6,0.979406476020813,-0.20187287032604218,0,0.99999290704727173,5.20244338986231E-6,5.1706024351005908E-7,0,-0.011590193957090378,0.027792466804385185,0.081120893359184265,1]},{"mesh":108,"matrix":[4.1723026811268937E-7,-0.20187367498874664,-0.97940593957901,0,-2.8908111744385678E-6,0.979406476020813,-0.20187287032604218,0,0.99999290704727173,5.20244338986231E-6,5.1706024351005908E-7,0,-0.011590193957090378,0.027792466804385185,0.081120893359184265,1]}],"meshes":[{"primitives":[{"attributes":{"POSITION":0,"TEXCOORD_0":1},"mode":4,"indices":2,"material":0}]},{"primitives":[{"attributes":{"POSITION":3,"TEXCOORD_0":4},"mode":4,"indices":5,"material":0}]},{"primitives":[{"attributes":{"POSITION":6,"TEXCOORD_0":7},"mode":4,"indices":8,"material":0}]},{"primitives":[{"attributes":{"POSITION":9,"TEXCOORD_0":10},"mode":4,"indices":11,"material":0}]},{"primitives":[{"attributes":{"POSITION":12,"TEXCOORD_0":13},"mode":4,"indices":14,"material":0}]},{"primitives":[{"attributes":{"POSITION":15,"TEXCOORD_0":16},"mode":4,"indices":17,"material":0}]},{"primitives":[{"attributes":{"POSITION":18,"TEXCOORD_0":19},"mode":4,"indices":20,"material":0}]},{"primitives":[{"attributes":{"POSITION":21,"TEXCOORD_0":22},"mode":4,"indices":23,"material":0}]},{"primitives":[{"attributes":{"POSITION":24,"TEXCOORD_0":25},"mode":4,"indices":26,"material":0}]},{"primitives":[{"attributes":{"POSITION":27,"TEXCOORD_0":28},"mode":4,"indices":29,"material":0}]},{"primitives":[{"attributes":{"POSITION":30,"TEXCOORD_0":31},"mode":4,"indices":32,"material":0}]},{"primitives":[{"attributes":{"POSITION":33,"TEXCOORD_0":34},"mode":4,"indices":35,"material":0}]},{"primitives":[{"attributes":{"POSITION":36,"TEXCOORD_0":37},"mode":4,"indices":38,"material":0}]},{"primitives":[{"attributes":{"POSITION":39,"TEXCOORD_0":40},"mode":4,"indices":41,"material":0}]},{"primitives":[{"attributes":{"POSITION":42,"TEXCOORD_0":43},"mode":4,"indices":44,"material":0}]},{"primitives":[{"attributes":{"POSITION":45,"TEXCOORD_0":46},"mode":4,"indices":47,"material":0}]},{"primitives":[{"attributes":{"POSITION":48,"TEXCOORD_0":49},"mode":4,"indices":50,"material":0}]},{"primitives":[{"attributes":{"POSITION":51,"TEXCOORD_0":52},"mode":4,"indices":53,"material":0}]},{"primitives":[{"attributes":{"POSITION":54,"TEXCOORD_0":55},"mode":4,"indices":56,"material":0}]},{"primitives":[{"attributes":{"POSITION":57,"TEXCOORD_0":58},"mode":4,"indices":59,"material":0}]},{"primitives":[{"attributes":{"POSITION":60,"TEXCOORD_0":61},"mode":4,"indices":62,"material":0}]},{"primitives":[{"attributes":{"POSITION":63,"TEXCOORD_0":64},"mode":4,"indices":65,"material":0}]},{"primitives":[{"attributes":{"POSITION":66,"TEXCOORD_0":67},"mode":4,"indices":68,"material":0}]},{"primitives":[{"attributes":{"POSITION":69,"TEXCOORD_0":70},"mode":4,"indices":71,"material":0}]},{"primitives":[{"attributes":{"POSITION":72,"TEXCOORD_0":73},"mode":4,"indices":74,"material":0}]},{"primitives":[{"attributes":{"POSITION":75,"TEXCOORD_0":76},"mode":4,"indices":77,"material":0}]},{"primitives":[{"attributes":{"POSITION":78,"TEXCOORD_0":79},"mode":4,"indices":80,"material":0}]},{"primitives":[{"attributes":{"POSITION":81,"TEXCOORD_0":82},"mode":4,"indices":83,"material":0}]},{"primitives":[{"attributes":{"POSITION":84,"TEXCOORD_0":85},"mode":4,"indices":86,"material":0}]},{"primitives":[{"attributes":{"POSITION":87,"TEXCOORD_0":88},"mode":4,"indices":89,"material":0}]},{"primitives":[{"attributes":{"POSITION":90,"TEXCOORD_0":91},"mode":4,"indices":92,"material":0}]},{"primitives":[{"attributes":{"POSITION":93,"TEXCOORD_0":94},"mode":4,"indices":95,"material":0}]},{"primitives":[{"attributes":{"POSITION":96,"TEXCOORD_0":97},"mode":4,"indices":98,"material":0}]},{"primitives":[{"attributes":{"POSITION":99,"TEXCOORD_0":100},"mode":4,"indices":101,"material":0}]},{"primitives":[{"attributes":{"POSITION":102,"TEXCOORD_0":103},"mode":4,"indices":104,"material":0}]},{"primitives":[{"attributes":{"POSITION":105,"TEXCOORD_0":106},"mode":4,"indices":107,"material":0}]},{"primitives":[{"attributes":{"POSITION":108,"TEXCOORD_0":109},"mode":4,"indices":110,"material":0}]},{"primitives":[{"attributes":{"POSITION":111,"TEXCOORD_0":112},"mode":4,"indices":113,"material":0}]},{"primitives":[{"attributes":{"POSITION":114,"TEXCOORD_0":115},"mode":4,"indices":116,"material":0}]},{"primitives":[{"attributes":{"POSITION":117,"TEXCOORD_0":118},"mode":4,"indices":119,"material":0}]},{"primitives":[{"attributes":{"POSITION":120,"TEXCOORD_0":121},"mode":4,"indices":122,"material":0}]},{"primitives":[{"attributes":{"POSITION":123,"TEXCOORD_0":124},"mode":4,"indices":125,"material":0}]},{"primitives":[{"attributes":{"POSITION":126,"TEXCOORD_0":127},"mode":4,"indices":128,"material":0}]},{"primitives":[{"attributes":{"POSITION":129,"TEXCOORD_0":130},"mode":4,"indices":131,"material":0}]},{"primitives":[{"attributes":{"POSITION":132,"TEXCOORD_0":133},"mode":4,"indices":134,"material":0}]},{"primitives":[{"attributes":{"POSITION":135,"TEXCOORD_0":136},"mode":4,"indices":137,"material":0}]},{"primitives":[{"attributes":{"POSITION":138,"TEXCOORD_0":139},"mode":4,"indices":140,"material":0}]},{"primitives":[{"attributes":{"POSITION":141,"TEXCOORD_0":142},"mode":4,"indices":143,"material":0}]},{"primitives":[{"attributes":{"POSITION":144,"TEXCOORD_0":145},"mode":4,"indices":146,"material":0}]},{"primitives":[{"attributes":{"POSITION":147,"TEXCOORD_0":148},"mode":4,"indices":149,"material":0}]},{"primitives":[{"attributes":{"POSITION":150,"TEXCOORD_0":151},"mode":4,"indices":152,"material":0}]},{"primitives":[{"attributes":{"POSITION":153,"TEXCOORD_0":154},"mode":4,"indices":155,"material":0}]},{"primitives":[{"attributes":{"POSITION":156,"TEXCOORD_0":157},"mode":4,"indices":158,"material":0}]},{"primitives":[{"attributes":{"POSITION":159,"TEXCOORD_0":160},"mode":4,"indices":161,"material":0}]},{"primitives":[{"attributes":{"POSITION":162,"TEXCOORD_0":163},"mode":4,"indices":164,"material":0}]},{"primitives":[{"attributes":{"POSITION":165,"TEXCOORD_0":166},"mode":4,"indices":167,"material":0}]},{"primitives":[{"attributes":{"POSITION":168,"TEXCOORD_0":169},"mode":4,"indices":170,"material":0}]},{"primitives":[{"attributes":{"POSITION":171,"TEXCOORD_0":172},"mode":4,"indices":173,"material":0}]},{"primitives":[{"attributes":{"POSITION":174,"TEXCOORD_0":175},"mode":4,"indices":176,"material":0}]},{"primitives":[{"attributes":{"POSITION":177,"TEXCOORD_0":178},"mode":4,"indices":179,"material":0}]},{"primitives":[{"attributes":{"POSITION":180,"TEXCOORD_0":181},"mode":4,"indices":182,"material":0}]},{"primitives":[{"attributes":{"POSITION":183,"TEXCOORD_0":184},"mode":4,"indices":185,"material":0}]},{"primitives":[{"attributes":{"POSITION":186,"TEXCOORD_0":187},"mode":4,"indices":188,"material":0}]},{"primitives":[{"attributes":{"POSITION":189,"TEXCOORD_0":190},"mode":4,"indices":191,"material":0}]},{"primitives":[{"attributes":{"POSITION":192,"TEXCOORD_0":193},"mode":4,"indices":194,"material":0}]},{"primitives":[{"attributes":{"POSITION":195,"TEXCOORD_0":196},"mode":4,"indices":197,"material":0}]},{"primitives":[{"attributes":{"POSITION":198,"TEXCOORD_0":199},"mode":4,"indices":200,"material":0}]},{"primitives":[{"attributes":{"POSITION":201,"TEXCOORD_0":202},"mode":4,"indices":203,"material":0}]},{"primitives":[{"attributes":{"POSITION":204,"TEXCOORD_0":205},"mode":4,"indices":206,"material":0}]},{"primitives":[{"attributes":{"POSITION":207,"TEXCOORD_0":208},"mode":4,"indices":209,"material":0}]},{"primitives":[{"attributes":{"POSITION":210,"TEXCOORD_0":211},"mode":4,"indices":212,"material":0}]},{"primitives":[{"attributes":{"POSITION":213,"TEXCOORD_0":214},"mode":4,"indices":215,"material":0}]},{"primitives":[{"attributes":{"POSITION":216,"TEXCOORD_0":217},"mode":4,"indices":218,"material":0}]},{"primitives":[{"attributes":{"POSITION":219,"TEXCOORD_0":220},"mode":4,"indices":221,"material":0}]},{"primitives":[{"attributes":{"POSITION":222,"TEXCOORD_0":223},"mode":4,"indices":224,"material":0}]},{"primitives":[{"attributes":{"POSITION":225,"TEXCOORD_0":226},"mode":4,"indices":227,"material":0}]},{"primitives":[{"attributes":{"POSITION":228,"TEXCOORD_0":229},"mode":4,"indices":230,"material":0}]},{"primitives":[{"attributes":{"POSITION":231,"TEXCOORD_0":232},"mode":4,"indices":233,"material":0}]},{"primitives":[{"attributes":{"POSITION":234,"TEXCOORD_0":235},"mode":4,"indices":236,"material":0}]},{"primitives":[{"attributes":{"POSITION":237,"TEXCOORD_0":238},"mode":4,"indices":239,"material":0}]},{"primitives":[{"attributes":{"POSITION":240,"TEXCOORD_0":241},"mode":4,"indices":242,"material":0}]},{"primitives":[{"attributes":{"POSITION":243,"TEXCOORD_0":244},"mode":4,"indices":245,"material":0}]},{"primitives":[{"attributes":{"POSITION":246,"TEXCOORD_0":247},"mode":4,"indices":248,"material":0}]},{"primitives":[{"attributes":{"POSITION":249,"TEXCOORD_0":250},"mode":4,"indices":251,"material":0}]},{"primitives":[{"attributes":{"POSITION":252,"TEXCOORD_0":253},"mode":4,"indices":254,"material":0}]},{"primitives":[{"attributes":{"POSITION":255,"TEXCOORD_0":256},"mode":4,"indices":257,"material":0}]},{"primitives":[{"attributes":{"POSITION":258,"TEXCOORD_0":259},"mode":4,"indices":260,"material":0}]},{"primitives":[{"attributes":{"POSITION":261,"TEXCOORD_0":262},"mode":4,"indices":263,"material":0}]},{"primitives":[{"attributes":{"POSITION":264,"TEXCOORD_0":265},"mode":4,"indices":266,"material":0}]},{"primitives":[{"attributes":{"POSITION":267,"TEXCOORD_0":268},